20
848937385843 8 7 17 19 0 5 6 2
47024811 9999991 1 9999991 9999989 729999344 309999719 789999132 309999659
34468440 999999 12347 9699690 9748872 378288879 843875938 672672191 643425609
543891101326393011 2399842 2681913 3762239 7443017 520101360 433901517 275677792 766417656
991127410199121019 123456 557 9988776 1025 39955758 719192622 152456585 350827775
6042199 9 123456 18 10000000 39655126 836306508 640000324 90000765
5 1 4 5 7 1 0 1 2
1558749102 1 10000000 10000000 10000000 30000001 780000000 660000001 389999998
3 1 3 3 3 1 0 1 1
80933573 102400 15000 9699690 9748872 989369349 872975008 916394050 370457193
1783585506 9999987 1 10000000 999999 990000001 79999998 868999132 81999927
8 1 3 3 3 1 0 1 2
1664735681 1 5 9999949 9999991 599996941 719996326 159999857 579999478
299896237124947938 681206 164538 2280874 981991 416793690 904023823 813682336 774801135
523223149082128364 158568 991720 2994044 1181676 376610494 650869357 336623539 620070320
95658191 9999991 1 9999991 9999989 259999767 659999403 989998912 909999000
70413132 123 1 10000000 10000000 20000001 190000000 90000001 360000002
962024073147815594 9999991 1 9999991 9999989 129999884 899999187 979998923 129999859
789870595193472657 5360341 675784 8600975 754947 876155896 890899377 754304700 203276021
974487874647179085 9999991 1 9999991 9999989 159999857 819999260 89999902 69999923
